 100.000     1.2520e+01    5.765e-01    0.25    IRAS
 140.000     1.1850e+01    1.250e+00    0.00    AKARI
 160.000     1.0680e+01    1.560e+00    0.00    AKARI
 443.000     3.3000e+00    2.900e-01    0.20    Sandell11
 863.000     7.8000e-01    2.000e-02    0.10    Sandell11
 880.000     6.6000e-01    3.000e-03    0.10    Hughes08
1122.000     4.2700e-01    1.500e-03    0.10    Oberg11
1300.000     2.8721e-01    4.765e-02    0.12    Mannings94+Hughes08+Guilloteau11
1376.000     2.5500e-01    1.000e-03    0.10    Oberg10
1400.000     2.5291e-01    3.114e-02    0.10    Pietu06+Hamidouche06
2600.000     3.9900e-02    8.000e-04    0.15    Mannings97
2700.000     3.5800e-02    5.000e-04    0.10    Guilloteau11
2800.000     3.5200e-02    8.000e-04    0.10    Pietu06
